Dateigröße 1555254
Bits pro Pixel 24
Breite 960
Höhe 540
18
16
17
17
15
15
16
16
15
19
16
15
16
15
14
15
15
16
16
17
17
16
15
15
16
16
16
16
15
14
14
12
13
14
13
13
13
13
13
13
16
16
16
15
15
14
15
13
13
12
12
15
16
15
15
16
17
16
14
14
15
14
14
14
13
13
11
13
14
15
15
16
15
11
11
14
16
16
16
16
17
17
16
15
15
17
18
17
17
17
16
15
15
16
17
17
16
17
16
14
14
15
14
16
20
26
27
18
9
10
10
10
12
12
13
15
19
23
30
37
40
45
44
46
48
51
51
49
51
51
51
51
52
49
48
48
49
53
51
52
52
50
51
51
50
50
50
50
52
52
52
52
52
52
52
53
54
55
55
54
53
53
53
52
52
51
51
49
51
51
54
55
55
54
53
54
55
53
53
53
54
55
55
55
55
57
56
56
56
55
56
56
57
56
57
58
58
58
58
60
60
57
57
60
61
62
61
62
62
63
62
62
63
61
61
60
60
63
64
65
66
63
62
62
61
64
63
63
63
64
66
70
71
72
73
77
80
81
83
88
91
93
94
97
98
96
94
91
89
85
82
57
42
42
42
47
55
57
71
97
114
137
151
159
163
159
157
155
154
151
147
146
146
147
148
152
154
157
158
159
159
156
156
158
160
161
161
163
162
164
164
167
170
171
170
171
171
166
166
168
171
175
175
175
175
175
177
177
177
175
176
177
177
179
179
179
179
178
176
175
175
179
181
184
183
182
182
185
185
188
187
187
187
187
186
186
186
184
185
186
186
186
187
187
188
183
185
189
189
187
185
185
185
186
185
185
186
186
187
188
189
183
184
185
185
185
185
186
187
187
188
189
188
189
189
189
189
181
179
176
160
109
66
17
8
11
10
12
14
16
15
14
13
11
12
12
13
12
11
12
14
16
17
19
22
25
26
29
31
36
40
45
50
52
54
56
58
56
58
60
61
61
60
60
60
63
62
61
61
62
62
61
60
61
61
60
60
57
56
57
57
58
57
56
55
56
58
59
57
56
57
55
54
54
53
52
50
49
46
45
42
37
28
23
22
31
33
31
27
19
17
17
18
18
16
16
18
16
15
14
13
14
14
13
13
12
12
12
12
11
11
12
12
11
10
10
11
12
11
11
11
11
11
10
12
13
14
15
15
13
13
13
14
11
11
11
11
11
11
11
13
11
12
12
13
14
14
14
13
11
11
11
12
12
11
13
14
11
10
8
8
10
12
12
11
11
11
12
14
15
16
15
14
12
15
13
10
9
9
16
30
48
51
51
50
50
52
50
50
50
50
49
49
49
50
49
48
48
48
46
46
47
47
46
47
47
47
47
46
48
48
49
50
51
51
52
52
52
54
56
54
47
46
49
49
50
50
52
52
48
48
45
46
47
46
47
46
45
36
23
15
9
8
8
5
6
6
6
6
7
7
7
8
8
8
9
10
9
9
9
10
7
8
8
8
8
8
10
11
13
13
13
12
11
10
11
11
12
13
12
12
12
12
12
12
10
10
10
10
11
11
10
10
11
11
13
13
13
13
14
13
10
10
10
11
14
13
13
13
12
10
10
12
12
10
11
14
12
11
9
9
10
10
7
7
8
7
9
9
11
11
12
12
11
11
11
13
13
16
19
21
18
15
14
13
16
15
13
10
9
6
8
9
12
12
11
10
13
12
11
12
10
10
10
10
11
11
12
12
11
10
8
9
11
11
9
9
10
9
8
8
10
10
10
11
11
11
10
10
9
10
13
13
12
11
13
13
9
9
9
9
10
10
9
8
7
8
9
10
8
7
6
6
7
9
9
11
13
11
9
15
22
31
36
38
41
45
44
48
49
48
46
47
46
45
42
43
44
41
40
42
42
43
41
39
33
25
17
11
8
8
8
6
6
6
8
8
8
7
8
9
9
8
8
9
9
9
8
8
10
9
9
9
8
8
9
10
13
13
13
13
14
13
13
12
12
13
12
12
9
10
8
7
8
7
6
6
6
6
8
8
12
10
10
9
12
13
12
11
11
10
11
11
10
10
11
12
11
11
11
11
11
11
11
10
9
7
8
9
11
11
11
11
7
6
5
6
5
4
6
8
8
9
9
10
10
11
11
11
12
13
13
14
15
16
17
17
14
14
13
13
12
10
10
10
10
9
9
10
13
13
12
12
13
11
11
12
12
12
12