Dateigröße 1555254
Bits pro Pixel 24
Breite 960
Höhe 540
129
136
142
143
145
149
149
150
152
152
153
156
157
153
153
152
155
164
155
156
148
136
137
115
113
103
123
48
0
0
14
14
14
12
12
13
12
15
15
23
40
66
46
12
15
16
21
23
24
23
22
20
20
18
19
20
25
34
47
52
58
61
68
71
75
79
80
78
76
67
60
53
48
44
41
40
39
40
41
44
46
47
47
48
48
49
48
50
50
52
61
74
79
79
79
76
76
75
74
71
70
70
71
71
68
66
65
64
63
63
64
67
65
61
57
54
54
53
52
50
51
48
46
43
39
34
33
32
32
26
22
20
19
19
21
21
19
16
15
16
14
11
9
7
9
11
11
6
4
3
3
4
3
7
6
7
4
0
8
0
10
36
33
21
6
11
13
12
14
13
14
14
16
18
19
24
23
20
16
12
11
12
13
11
10
10
12
14
15
15
14
15
16
18
15
11
13
22
40
53
65
74
88
80
88
82
67
48
37
33
29
32
40
37
38
32
24
16
14
16
16
17
19
20
21
22
21
21
22
24
23
22
22
21
21
23
23
22
20
19
20
20
20
20
21
22
23
21
21
21
21
22
22
22
22
22
21
19
18
17
17
17
15
17
16
15
14
15
17
17
17
18
17
16
15
14
15
15
14
15
14
15
15
15
12
10
10
10
9
8
9
11
13
14
15
12
13
15
17
17
20
23
26
27
32
36
37
38
38
40
44
54
64
77
85
90
96
99
106
112
119
120
121
124
127
128
127
126
125
122
121
122
122
123
122
121
118
115
113
113
110
103
99
95
91
85
75
62
53
47
51
61
60
52
50
51
53
57
62
67
69
72
75
74
75
77
80
84
83
83
81
74
70
92
94
88
95
101
100
110
119
106
100
103
105
106
108
109
107
108
109
108
105
103
101
100
97
98
98
95
92
88
86
86
89
90
86
91
88
91
89
92
92
88
86
81
79
76
73
71
70
71
71
61
56
52
57
52
57
54
52
53
48
45
43
44
43
44
44
46
46
44
38
29
28
33
36
41
38
35
34
40
37
37
38
37
40
42
42
40
43
46
44
43
39
36
37
37
35
32
32
40
45
51
52
48
42
35
31
31
34
32
30
29
31
31
31
32
31
30
31
29
26
27
30
34
37
41
44
47
47
46
44
42
38
36
39
38
34
32
32
28
28
29
30
25
39
66
75
71
72
73
77
79
82
86
89
88
90
91
91
92
92
92
90
90
88
87
87
85
81
77
76
81
88
88
84
84
86
84
81
81
81
80
82
83
84
82
80
79
81
86
88
88
87
87
88
81
79
75
70
69
67
65
62
60
56
53
53
51
51
48
47
43
35
34
34
30
26
24
23
26
26
26
27
29
29
29
29
28
30
26
28
29
33
33
37
31
29
25
26
29
31
31
31
33
34
34
35
38
38
36
34
30
30
33
37
36
35
32
33
30
27
23
21
26
33
39
42
43
44
44
45
44
43
43
48
52
55
67
54
12
2
0
0
6
32
35
25
0
18
32
29
31
33
35
35
36
36
37
36
36
36
33
28
21
19
20
22
20
21
22
23
24
26
30
32
28
27
34
42
41
35
33
36
28
27
29
42
58
58
48
45
34
43
49
46
49
55
57
54
56
56
61
71
80
85
84
81
85
79
81
85
91
97
95
92
87
85
84
85
83
83
84
85
85
82
78
72
63
57
55
56
51
49
45
42
45
45
37
30
17
16
12
10
11
10
10
9
11
10
11
11
13
13
12
12
12
12
12
12
11
11
15
16
18
17
15
15
17
19
21
21
25
27
24
25
25
25
25
26
29
26
29
28
23
37
55
66
69
72
72
74
74
77
77
79
75
72
71
70
72
73
70
69
70
66
66
65
64
63
63
59
58
56
54
57
69
77
68
61
56
55
55
53
53
53
55
57
64
70
74
74
70
68
68
69
68
66
65
64
62
62
59
58
55
52
55
58
61
62
54
49
40
39
40
44
43
44
45
44
45
39
35
27
23
36
98
108
100
106
109
109
107
109
112
116
114
115
112
108
108
117
117
101
72
79
84
86
106
103
72
54
41
40
35
35
42
46
49
54
58
65
103
183
142
112
88
100
109
118
125
120
124
134
141
145
149
143
142
145
146
142
129
120
106
93
79
69
61
57
52
43
32
29
32
38
45
51
56
56
48
45
41
43
46
45
43
40
35